img,type1,type2,type3,type4,type5,type6,type7,type8,type9,type10
img_82027.jpg,0.0569680371,0.074075274,0.0573287452,0.0056452245,0.0247433464,0.1470233486,0.0491527732,0.1838361444,0.2061399502,0.1950871565
img_14566.jpg,0.0338373419,0.2158725608,0.0161454451,0.0505389327,0.020501113,0.0449259232,0.0467174092,0.1920385964,0.1919572293,0.1874654484
img_84226.jpg,0.054477308,0.0524517531,0.1054098933,0.0305987207,0.0284579051,0.1128067776,0.0125841407,0.1858418133,0.209214036,0.2081576522
img_14204.jpg,0.059054626,0.0583429161,0.0576520755,0.0120019571,0.0230249063,0.1905414279,0.0398635194,0.1851687745,0.1880865546,0.1862632425
img_36358.jpg,0.1496721378,0.1488222116,0.0350417137,0.0085203875,0.0139853893,0.1450267651,0.0154173268,0.165453283,0.1448842981,0.1731764869
img_35039.jpg,0.0730363467,0.2134099799,0.0469757193,0.0252576084,0.0322294062,0.0449700345,0.082980564,0.1136301725,0.205778939,0.1617312295
img_14978.jpg,0.0549136483,0.1909418525,0.0870526001,0.0085133231,0.0266137809,0.0615090228,0.2231551202,0.1198732426,0.1326706193,0.0947567902
img_46398.jpg,0.0692348813,0.1989402041,0.0379899522,0.0137224119,0.0662350878,0.0586622979,0.0372327449,0.1529936429,0.1962944552,0.1686943218
img_56648.jpg,0.1784337635,0.079476415,0.0063957122,0.00333432,0.0088178324,0.0840062757,0.0170503662,0.2060441741,0.2099610085,0.2064801324
img_31681.jpg,0.029082223,0.207753219,0.0766278663,0.0580915672,0.0375724936,0.118434865,0.0670602143,0.189832499,0.111781059,0.1037639936
img_58448.jpg,0.0354128081,0.137663434,0.0830083485,0.0408045797,0.0483644163,0.0706937993,0.056134163,0.2424739274,0.1880601827,0.097384341
img_82572.jpg,0.1722289844,0.1525531748,0.0188792222,0.0114858525,0.0140291548,0.1374539271,0.007023012,0.1810258985,0.1156388188,0.1896819548
img_31755.jpg,0.0761487735,0.1202169285,0.0920024951,0.013752981,0.0295481571,0.0444775225,0.197699647,0.0999014321,0.1879394736,0.1383125897
img_20214.jpg,0.1506963509,0.0667628235,0.1035468419,0.0206993231,0.0406717352,0.1456764015,0.0065581488,0.2185962841,0.1590440216,0.0877480693
img_102095.jpg,0.0435865027,0.1936873967,0.1074135101,0.0090881845,0.012809052,0.0405893933,0.066704855,0.2366932544,0.2163826538,0.0730451975
img_24255.jpg,0.0154559472,0.1780551012,0.1769598467,0.0054581838,0.0106226153,0.0410822153,0.0995184004,0.201470413,0.1784759075,0.0929013697
img_20076.jpg,0.0787388868,0.0335601095,0.0966877045,0.0418710292,0.0596886235,0.1060513114,0.0475155272,0.1739148295,0.2132480961,0.1487238822
img_87481.jpg,0.0958188466,0.0284863147,0.0099096824,0.0266066293,0.0866595049,0.1312027809,0.0043195615,0.2191504487,0.2130428635,0.1848033675
img_46015.jpg,0.1343263725,0.144782081,0.0177890215,0.0149479715,0.0399150999,0.1024679063,0.0074831464,0.1987056618,0.1476698767,0.1919128624
img_83812.jpg,0.1442273366,0.0455429146,0.0357432397,0.0148663554,0.0184080265,0.1432266604,0.0026329344,0.200384345,0.2040912759,0.1908769114
img_11577.jpg,0.1771443908,0.0757826766,0.0120657131,0.0089220434,0.0093703733,0.15454966,0.0035142838,0.1669673214,0.1912397655,0.2004437721
img_12539.jpg,0.0686373327,0.222998077,0.0784325191,0.0107790975,0.0174150563,0.0484160848,0.2111019843,0.1083873717,0.1576484714,0.076184005
img_2409.jpg,0.1629182853,0.0859906249,0.0255507369,0.0135165938,0.0606161391,0.0821542131,0.0498781095,0.2315008583,0.2230506105,0.0648238287
img_26342.jpg,0.0383053039,0.0433051615,0.0795810943,0.0249270934,0.0895747845,0.2025684959,0.1269221246,0.2090846546,0.060735164,0.1249961232
img_26245.jpg,0.0225912607,0.1028692052,0.0875309222,0.0063000456,0.0215591964,0.1288536883,0.061584797,0.1755592709,0.198721907,0.1944297067
img_23213.jpg,0.0654957547,0.0311500786,0.0388952118,0.0140562958,0.0739858763,0.2264623024,0.0119742928,0.2335267256,0.0985445754,0.2059088865
img_14553.jpg,0.0507754357,0.1637587151,0.0615462203,0.0075671671,0.019236291,0.1276281285,0.194355134,0.1313579796,0.1746185269,0.0691564018
img_66726.jpg,0.1276800643,0.1128287829,0.0854536756,0.0201312758,0.034197661,0.0982025556,0.1310732949,0.1794342283,0.0587562258,0.1522422357
img_3704.jpg,0.1283155107,0.1607905038,0.0266815086,0.0100494882,0.0062786417,0.0928964867,0.0941527994,0.1380912497,0.1601745578,0.1825692537
img_24866.jpg,0.1018235862,0.1327483252,0.0445225198,0.0179829212,0.0545370135,0.1363419975,0.0248557764,0.2204700209,0.1641598356,0.1025580036
img_43740.jpg,0.0779276034,0.192695604,0.0300363126,0.0139503303,0.0096402595,0.0950756032,0.0638048422,0.1730453992,0.1671082922,0.1767157534
img_49857.jpg,0.1256144988,0.0622121362,0.0220009472,0.0332063031,0.0187879614,0.1302390889,0.0290999709,0.116363218,0.2264967256,0.2359791499
img_75384.jpg,0.0711994244,0.0387668716,0.0619749191,0.0071090628,0.017584127,0.1447820713,0.0214065923,0.2043779917,0.2187601588,0.2140387809
img_77983.jpg,0.0925426339,0.1127210933,0.0732408464,0.0138566498,0.0364236118,0.1315696308,0.0938124172,0.151589196,0.1794927053,0.1147512156
img_52302.jpg,0.0349929578,0.1470441277,0.0410006925,0.0152965601,0.0271620948,0.1369468361,0.0738320608,0.1649836353,0.1948784973,0.1638625376
img_45932.jpg,0.1313736641,0.1273020994,0.0498748817,0.0268871671,0.020580856,0.1140427372,0.0131970757,0.1634265849,0.1696060469,0.183708887
img_49445.jpg,0.1471116164,0.0919586246,0.0705313538,0.022304507,0.0450895703,0.0881063783,0.0128338265,0.2177929019,0.2120248049,0.0922464163
img_16927.jpg,0.1301531306,0.0439604896,0.0795940372,0.027652421,0.0391624629,0.1803156941,0.0353046147,0.1731999336,0.1071001215,0.183557095
img_47447.jpg,0.0623693182,0.0774356226,0.0456690148,0.0070696571,0.0243695457,0.1050214379,0.0121112292,0.2308194149,0.2221930983,0.2129416613
img_35728.jpg,0.0976028356,0.0824248583,0.1216059012,0.0189556794,0.0569208926,0.0532382853,0.1180675413,0.1502641704,0.2150876674,0.0858321686
img_9253.jpg,0.115112987,0.0305122866,0.1232665547,0.0262482002,0.0299926553,0.1217649096,0.0064425438,0.1912287693,0.1788302555,0.1766008379
img_3384.jpg,0.1251261057,0.2314155354,0.0359910199,0.063491831,0.0127287696,0.0359960878,0.0140560236,0.1621094833,0.1103303491,0.2087547945
img_83648.jpg,0.0257082255,0.0699791092,0.2185901913,0.0162702659,0.0494490641,0.0860332032,0.0550007071,0.2280889961,0.0758142886,0.175065949
img_18543.jpg,0.11705837,0.0688463827,0.1011018871,0.0122298639,0.0613642918,0.0594163716,0.1587346428,0.1650041198,0.2066671779,0.0495768925
img_63304.jpg,0.0789573269,0.1286235032,0.1046196329,0.0245782952,0.0500509732,0.0525801561,0.0319427868,0.2008842262,0.1979057584,0.1298573413
img_47948.jpg,0.0647609732,0.2200664762,0.022640019,0.0490277196,0.0239188445,0.0412073689,0.0385301054,0.1570178713,0.1761539559,0.2066766661
img_3253.jpg,0.0412598449,0.1397041261,0.0137094479,0.0170873745,0.0318660376,0.147431571,0.0516927148,0.1902304023,0.1933960516,0.1736224293
img_19873.jpg,0.0561868018,0.1150029233,0.189907528,0.0114885427,0.0353811006,0.123682352,0.0248077589,0.2480442876,0.0851306584,0.1103680467
img_16688.jpg,0.169390516,0.0846683739,0.0099585729,0.0090431079,0.0180144313,0.1346375186,0.0054431082,0.1730850383,0.1960625183,0.1996968146
img_80652.jpg,0.05044379,0.0783996057,0.071283527,0.0058069615,0.0189324769,0.1506551542,0.0465784261,0.1739780794,0.2059211221,0.1980008572
img_53051.jpg,0.176177884,0.0596119572,0.0125530471,0.0104501658,0.0136960568,0.171284044,0.0042860332,0.1709515622,0.1821925873,0.1987966623
img_96905.jpg,0.2188046148,0.0581058129,0.0350238048,0.0193581138,0.03168495,0.13696841,0.0306503798,0.1317923532,0.14151507,0.1960964906
img_42639.jpg,0.1930499566,0.1027321703,0.0037616638,0.0049839392,0.0070366521,0.1436051543,0.0045198505,0.137330746,0.2064279563,0.196551911
img_11523.jpg,0.0417174644,0.1840407297,0.0301261362,0.013720015,0.0149050683,0.1297166101,0.1027230767,0.1742252006,0.1713393654,0.1374863335
img_12412.jpg,0.0517044473,0.2067441674,0.077173771,0.038661988,0.045019119,0.0566478813,0.1009131728,0.1162551052,0.1509158152,0.1559645328
img_52526.jpg,0.1593881881,0.0318979879,0.0378036892,0.0155217475,0.0166915166,0.163398064,0.0029789373,0.1942178197,0.1974158686,0.1806861811
img_20456.jpg,0.1122396176,0.1107032253,0.0224111212,0.0084828925,0.016355191,0.1622653203,0.0392536105,0.1877999167,0.1749911014,0.1654980034
img_90159.jpg,0.0941145894,0.1400975282,0.1066148745,0.0203714643,0.0158326076,0.0694850564,0.0109737789,0.2139156121,0.1253760072,0.2032184814
img_68766.jpg,0.0465967987,0.0331307802,0.0873698729,0.0301728538,0.0910336464,0.2105857657,0.1173807829,0.2018541944,0.0418371424,0.1400381627
img_48347.jpg,0.0539495363,0.0433190079,0.0680313192,0.0097183884,0.0629233879,0.1079758211,0.1510168959,0.1829501455,0.2096350958,0.1104804019
img_53932.jpg,0.0176577858,0.2094931495,0.0996117306,0.0110844874,0.0154723671,0.0460881826,0.1920256135,0.1316885454,0.158715253,0.1181628851
img_35261.jpg,0.0557822896,0.0238925644,0.0297994178,0.0168443066,0.0579826966,0.1391644155,0.0055459508,0.2276176617,0.2196867338,0.2236839633
img_65690.jpg,0.0816843678,0.063496446,0.0357450146,0.0198768799,0.0294616801,0.1802464519,0.0287073061,0.1869277607,0.1873180727,0.1865360203
img_32153.jpg,0.0453562911,0.0302364238,0.0513819443,0.0048832513,0.0137990827,0.169308027,0.0171802077,0.2176872313,0.2253593768,0.2248081639
img_78178.jpg,0.0443346491,0.0231319377,0.0718757022,0.0156562209,0.0594885767,0.153155614,0.0515059226,0.2156309988,0.2178503747,0.1473700032
img_19798.jpg,0.0838771954,0.1315428512,0.0779830699,0.0076076183,0.0147164717,0.0722370945,0.1617808763,0.1555907164,0.1659090613,0.128755045
img_44981.jpg,0.0692174045,0.0364832253,0.068099992,0.0089222918,0.0399054426,0.1027668718,0.1523971336,0.1845262683,0.2046669279,0.1330144421
img_55152.jpg,0.1547905216,0.0997233516,0.0846533883,0.0250057515,0.0420782945,0.0904939006,0.0079315857,0.209033835,0.1954997879,0.0907895833
img_7237.jpg,0.0988742181,0.0988970718,0.0363862921,0.0170716755,0.0319532946,0.1251466777,0.0607567447,0.1917621386,0.2024395523,0.1367123346
img_40839.jpg,0.0255895331,0.0388003498,0.0999542516,0.0331490905,0.1149321191,0.2212712733,0.083275527,0.2210846106,0.0230718082,0.138871437
img_82381.jpg,0.2022004902,0.0777498058,0.0238238573,0.0083531632,0.0057721151,0.143983013,0.0119406047,0.1226167007,0.1971524669,0.2064077831
img_100109.jpg,0.1440314375,0.0427976867,0.0601227431,0.0167767868,0.063841056,0.1507554427,0.15057797,0.1992774935,0.1075338651,0.0642855185
img_66429.jpg,0.1210596107,0.0699189265,0.1512844446,0.021695265,0.0514130905,0.0702210294,0.1100703542,0.0933527827,0.150291001,0.1606934954
img_80483.jpg,0.1806386904,0.1333962312,0.0072023668,0.0045043432,0.0034530006,0.122486036,0.0060552127,0.1550402447,0.1937392111,0.1934846632
img_93554.jpg,0.1265218822,0.0546341443,0.0373721351,0.0240137451,0.0238486516,0.0741340813,0.0248308497,0.1341583884,0.2490714413,0.2514146811
img_57777.jpg,0.040847445,0.148611594,0.076693203,0.042186166,0.0353037988,0.1675777984,0.029519977,0.2020626386,0.1367679729,0.1204294062
img_69998.jpg,0.1985903125,0.0277001596,0.0144845168,0.0220411845,0.0473345345,0.1607428471,0.0048055619,0.2142168203,0.1830060515,0.1270780114
img_79278.jpg,0.1765675798,0.0779483608,0.0584269124,0.0260026809,0.0205440151,0.1017478504,0.0051526349,0.1600794251,0.1962475089,0.1772830319
img_31912.jpg,0.0438106278,0.1098802138,0.1483808558,0.0135040241,0.0219732423,0.0782027856,0.075259153,0.1310883265,0.1966134122,0.181287359
img_45513.jpg,0.0904053109,0.0424445907,0.0508902492,0.0271835555,0.0390231453,0.1475679861,0.0976697342,0.202034064,0.1463915588,0.1563898054
img_14979.jpg,0.0447666473,0.0317553728,0.0669229286,0.0070133997,0.0195707983,0.1579885764,0.020241859,0.2090834989,0.2230446574,0.2196122615
img_37589.jpg,0.160160524,0.1273134223,0.0887481667,0.0267239436,0.0378761247,0.0915406053,0.027382072,0.0988062969,0.1871421653,0.154306679
img_15506.jpg,0.0549555113,0.0215524315,0.0996226723,0.0299295462,0.1047988342,0.2416072461,0.0373868491,0.2393857369,0.0167357499,0.1540254225
img_83932.jpg,0.1680022006,0.1330272971,0.0336446426,0.0120061223,0.0160446076,0.1089636018,0.0108387279,0.1773319228,0.1730611958,0.1670796815
img_97945.jpg,0.0818693058,0.0207657464,0.0189612718,0.0178101059,0.1418337893,0.1258382725,0.0331963732,0.1811974073,0.1955925156,0.1829352123
img_24508.jpg,0.1765925499,0.0856109513,0.0596010846,0.0200452601,0.0469298493,0.1036485373,0.0052482127,0.22549544,0.1908202385,0.0860078763
img_70718.jpg,0.0271349758,0.2013555294,0.1815401945,0.0368155814,0.0187195187,0.0753977506,0.0725964379,0.1904741752,0.1201427595,0.0758230769
img_16532.jpg,0.0776545899,0.0703257095,0.0693040868,0.0154297783,0.0507569684,0.1136714719,0.0752748299,0.1761467803,0.1806057735,0.1708300116
img_16671.jpg,0.1323677095,0.0615816931,0.0163519786,0.0081156008,0.0171850664,0.1829484249,0.0167713177,0.2024972583,0.207513837,0.1546671137
img_87176.jpg,0.1012145411,0.0864693749,0.0864055898,0.0109704194,0.0262764281,0.163269496,0.1446134105,0.1885838264,0.1395289076,0.0526680062
img_66222.jpg,0.0195428361,0.1211452677,0.173408489,0.0063518441,0.0126167485,0.1204948256,0.0357774223,0.1962288209,0.1557413958,0.1586923501
img_33453.jpg,0.0281053799,0.176741788,0.0952440305,0.0149158139,0.0161669687,0.0816535611,0.1381144872,0.1364960185,0.1866341931,0.1259277591
img_30310.jpg,0.0090210393,0.2066809719,0.0870143386,0.0059703246,0.0073963864,0.0274541409,0.0894043666,0.2063393983,0.1985108472,0.1622081861
img_85765.jpg,0.0398005832,0.1791569941,0.132096113,0.0166335913,0.0142678827,0.0273261344,0.083474128,0.2061072485,0.2056207501,0.0955165746
img_40557.jpg,0.1319872436,0.0583446231,0.1792492265,0.0416884017,0.0510344174,0.1194272129,0.0138407589,0.232537636,0.0948453818,0.0770450981
img_57565.jpg,0.10124597,0.0452056282,0.0454699305,0.0725292202,0.0576302618,0.0951715561,0.0437897478,0.1286124787,0.2030509879,0.2072942188
img_67124.jpg,0.0637399641,0.1584999411,0.0826303624,0.0161559595,0.017581615,0.0745501473,0.1509298783,0.1274087382,0.1841887207,0.1243146735
img_51545.jpg,0.1209854784,0.1766282498,0.0153197465,0.0125489672,0.0136523588,0.1534258904,0.0222602823,0.1792288291,0.1459843046,0.159965893
img_1907.jpg,0.0098850513,0.1262481501,0.185490226,0.0115836767,0.0127615025,0.0270428023,0.1565291918,0.2034806318,0.2060094375,0.06096933
img_44591.jpg,0.1135421629,0.0867659777,0.0093946875,0.0034778232,0.0084685229,0.1781808911,0.0193154248,0.193430005,0.201315993,0.1861085119
img_50467.jpg,0.031146445,0.1521941962,0.1571677094,0.0370647244,0.0176879928,0.1082529268,0.0249063328,0.1505515072,0.1362819485,0.184746217
img_31856.jpg,0.1527038739,0.0618471558,0.0207578334,0.0080792635,0.0109365153,0.0601761911,0.1855942392,0.1057076258,0.204155099,0.1900422031
img_37460.jpg,0.0179835345,0.1184297821,0.1777918879,0.0049145676,0.0103534159,0.1233813134,0.0537736598,0.1946359175,0.1474443236,0.1512915978
img_96042.jpg,0.076014845,0.0821434072,0.0472259024,0.0108685299,0.0289509084,0.1358713864,0.0555906561,0.1716742089,0.1998824396,0.1917777162
img_29191.jpg,0.18374823,0.151633819,0.0825109261,0.0675831071,0.0154820294,0.0530423675,0.0043943538,0.0940984859,0.1867127326,0.1607939485
img_3939.jpg,0.1149241811,0.0573398939,0.070351612,0.0244589586,0.0892220326,0.2066734108,0.0341353167,0.2192460603,0.0367002493,0.1469482847
img_5796.jpg,0.0264494966,0.2076079165,0.1657021583,0.0071110628,0.0115917955,0.0629221939,0.0119902311,0.218328513,0.1446633361,0.1436332962
img_64427.jpg,0.1517693217,0.0530634709,0.0497557223,0.0300906621,0.0407411973,0.1582567839,0.0116551036,0.2054454554,0.0961942852,0.2030279978
img_68246.jpg,0.0150729211,0.1859847361,0.1303763124,0.0080445802,0.0077499136,0.0384313411,0.0229898985,0.209571166,0.2062537681,0.1755253628
img_12008.jpg,0.1863363886,0.0395393041,0.0058727588,0.0082190796,0.0236078368,0.1538166585,0.0051838338,0.1901598301,0.2079868661,0.1792774436
img_63355.jpg,0.0834724176,0.148670024,0.086631299,0.0130342562,0.0226364989,0.1045045989,0.0411183339,0.1571600737,0.1574840113,0.1852884866
img_76717.jpg,0.1288067831,0.1874642845,0.0831353599,0.0120445815,0.018144331,0.0906649357,0.1888784388,0.12216777,0.0827602694,0.085933246
img_25341.jpg,0.1292145547,0.0508364636,0.0479506383,0.0232272748,0.0325338889,0.0554650912,0.0355132523,0.1278835488,0.2487418703,0.2486334172
img_93879.jpg,0.0172848053,0.1194117103,0.1676910537,0.0063830433,0.0131662703,0.1315039585,0.0496714434,0.1959248013,0.1565437395,0.1424191744
img_11671.jpg,0.1320158719,0.1096351456,0.093769177,0.017791627,0.0277180055,0.117543408,0.0637515282,0.1536031638,0.1712612448,0.1129108281
img_20655.jpg,0.0293500105,0.033364596,0.0931606262,0.0384609855,0.1042240834,0.2307435986,0.062204458,0.2284016697,0.0208794932,0.1592104788
img_51307.jpg,0.0651056242,0.1618856531,0.0722152318,0.0065189048,0.0173862566,0.1164559145,0.1990110411,0.1308712219,0.1627745877,0.0677755643
img_7590.jpg,0.0720732369,0.1198096793,0.0317547952,0.009816239,0.0288650927,0.0570191669,0.1163046128,0.2396443642,0.239241975,0.0854708379
img_42624.jpg,0.0163665972,0.2125705624,0.1308587023,0.0076609845,0.012361852,0.0590952999,0.0320498289,0.2203156138,0.1587112361,0.1500093228
img_63627.jpg,0.1467927258,0.0442930927,0.011764031,0.0201885439,0.0150097199,0.1161897979,0.0255324223,0.1601765855,0.2278082787,0.2322448023
img_55360.jpg,0.1117801025,0.0733216351,0.0323304011,0.0171022448,0.0502645317,0.1855104479,0.0310041688,0.1582695947,0.1903430501,0.1500738231
img_97713.jpg,0.058682656,0.1860004133,0.0554676539,0.0123832621,0.0070040283,0.0767953085,0.0994337508,0.1564759599,0.1737407469,0.1740162203
img_12633.jpg,0.053451019,0.0983709532,0.068623537,0.0334305139,0.0567808139,0.175820229,0.0242608855,0.219471694,0.1070942501,0.1626961044
img_77454.jpg,0.1711961451,0.1484677915,0.0304548369,0.0154376609,0.1051941505,0.0717939111,0.1112128989,0.0587747737,0.163960365,0.1235074664
img_40742.jpg,0.1947967615,0.0234054753,0.0268681889,0.028701178,0.0491103514,0.1213152369,0.0039165024,0.2106572049,0.2082347751,0.1329943257
img_81494.jpg,0.0214810053,0.1934423495,0.1134329958,0.0080864262,0.0170198284,0.1116261943,0.0106572577,0.2135417689,0.137946266,0.1727659078
img_101325.jpg,0.038197899,0.1812564608,0.1145268131,0.020654508,0.009546419,0.0732334065,0.0135509678,0.1641991031,0.1813970942,0.2034373285
img_89636.jpg,0.2076721231,0.047910771,0.0495349447,0.0361910516,0.0526740526,0.1359637621,0.0343962401,0.2126727118,0.0291672057,0.1938171374
img_66670.jpg,0.1840872944,0.046182244,0.0267578446,0.0264083945,0.027570208,0.1168128088,0.0032195605,0.2025907481,0.206966459,0.159404438
img_54689.jpg,0.0831572373,0.0368935156,0.0879808522,0.0209745554,0.0259312754,0.1956012392,0.0198440927,0.2022248605,0.1305640201,0.1968283516
img_34576.jpg,0.2081803744,0.0580219527,0.0301638283,0.013028124,0.0205888718,0.137243551,0.0470714633,0.1442528065,0.146654291,0.194794737
img_67288.jpg,0.0418391041,0.0537701446,0.0361942837,0.0168944266,0.034204247,0.1758635265,0.1215467079,0.1919832299,0.2053777495,0.1223265803
img_73599.jpg,0.1323527069,0.1574109353,0.0361472412,0.0075470398,0.0066007391,0.1318455198,0.0966644612,0.1296280337,0.1388006613,0.1630026617
img_92758.jpg,0.0625366584,0.1984821217,0.0461390703,0.0110407729,0.0145246955,0.1164740866,0.0239856984,0.1911393806,0.1508435509,0.1848339646
img_55583.jpg,0.0184750545,0.1995220798,0.1267158929,0.0111806675,0.0106030091,0.0455264282,0.0224130938,0.2094233311,0.1976620401,0.158478403
img_3854.jpg,0.1614898815,0.0672301104,0.0125421198,0.0070701515,0.0051466784,0.1646119819,0.0014432128,0.1741266151,0.200035363,0.2063038858
img_29864.jpg,0.0403976974,0.2115701825,0.0953584391,0.0527055546,0.0423428816,0.0503952853,0.0876940572,0.1252427643,0.1448225396,0.1494705984
img_22879.jpg,0.0250802679,0.1988605453,0.1178623411,0.0135753542,0.0237599504,0.0916002277,0.0467266115,0.1415138229,0.1544743516,0.1865465273
img_86446.jpg,0.1063576157,0.1796100071,0.0225390467,0.0147701388,0.0174006626,0.164477773,0.0371778959,0.1811246678,0.1348194034,0.141722789
img_13740.jpg,0.0298096359,0.1513015408,0.0862111888,0.030863781,0.034894252,0.0997160985,0.0734897987,0.1224320569,0.1894401362,0.1818415113
img_77590.jpg,0.0679378208,0.0408059835,0.0885138582,0.0054053654,0.01162893,0.1129074658,0.0251907098,0.2144890095,0.2228920575,0.2102287993
img_48882.jpg,0.11548454,0.0291284188,0.0458098577,0.0269677982,0.0572638276,0.1575648789,0.0114720552,0.2138607847,0.2126627883,0.1297850506
img_83274.jpg,0.1233109845,0.0422289048,0.100760034,0.0234819633,0.0229391391,0.1291802121,0.0179429895,0.1559946978,0.1926536957,0.1915073792
img_62800.jpg,0.1124299417,0.0472074894,0.167678089,0.0349352866,0.063762536,0.1288737792,0.0105706578,0.2431905215,0.1090500082,0.0823016906
img_50159.jpg,0.1540674731,0.2014467055,0.011298624,0.024334886,0.0127445182,0.0491040471,0.0138161408,0.1661286425,0.1627527005,0.2043062623
img_207.jpg,0.0948841424,0.0610251354,0.0864914197,0.0230635194,0.0343209429,0.1443429614,0.0133918039,0.215034104,0.1266424334,0.2008035375
img_26630.jpg,0.0146741408,0.1281705431,0.0597143224,0.0223062691,0.0243726759,0.1688416481,0.0432788692,0.167533799,0.1841027861,0.1870049463
img_17513.jpg,0.0419475533,0.1988448322,0.1489435055,0.0186451936,0.0194286962,0.0924058795,0.0727030041,0.1945711505,0.1583164072,0.0541937778
img_91829.jpg,0.0530552197,0.1593716632,0.0645919177,0.0088476043,0.018817474,0.1297246105,0.1823571632,0.1358363826,0.1697842416,0.0776137233
img_55578.jpg,0.0172572161,0.1967425012,0.1234733094,0.008563562,0.0205991304,0.0318267966,0.1634540608,0.2086291934,0.1934970201,0.03595721
img_86251.jpg,0.0813658372,0.0312241985,0.0660687144,0.0178085514,0.0401841597,0.1687152611,0.008043865,0.2074998832,0.1975763819,0.1815131475
img_24021.jpg,0.0927337631,0.073733282,0.0348956456,0.0107078736,0.013877087,0.0853156304,0.09500966,0.1653975537,0.2129817455,0.2153477593
img_17115.jpg,0.1005484239,0.0640570286,0.1177463967,0.0102418148,0.0273949893,0.0698646341,0.1214235331,0.1932053073,0.213393902,0.0821239701
img_71483.jpg,0.0252014367,0.1717735621,0.1274441621,0.0084238575,0.0080598966,0.0433227185,0.0192355549,0.2097437843,0.2066604771,0.1801345501
img_92814.jpg,0.1700443042,0.0465019495,0.0310497508,0.012082585,0.0379012257,0.1524253843,0.0098408238,0.2109955657,0.1911936505,0.1379647605
img_96566.jpg,0.0455531883,0.0562045299,0.0745009622,0.0131776239,0.0374838119,0.1646403032,0.1340528213,0.1610048413,0.1738703147,0.1395116033
img_41660.jpg,0.1038963281,0.1909162965,0.0094893751,0.0117693589,0.0140454818,0.151679379,0.0386343704,0.1464590946,0.1581410572,0.1749692585
img_1752.jpg,0.0710976406,0.0642211308,0.0239156092,0.0187257749,0.0575786303,0.1450424073,0.0049109523,0.2095405727,0.2076796524,0.1972876294
img_54886.jpg,0.0265105123,0.1898431002,0.0625760993,0.005226187,0.0122979319,0.0459281371,0.2083657871,0.1240862885,0.208160599,0.1170053578
img_18673.jpg,0.0706894179,0.1369503812,0.0958238396,0.0098544302,0.0537397093,0.0957630321,0.2010329783,0.1222780205,0.1324145209,0.08145367
img_13465.jpg,0.0448657342,0.0297219657,0.0064410622,0.0185914167,0.0392424584,0.1740747477,0.0113456656,0.2339560838,0.2392072928,0.2025535728
img_29931.jpg,0.1669610893,0.0434922088,0.0522609423,0.0188575467,0.0682471584,0.162077939,0.1729775692,0.1997361393,0.0622121105,0.0531772966
img_63190.jpg,0.0346018519,0.1021081492,0.1367477504,0.0170869898,0.054090188,0.1132661452,0.0997272193,0.2111203668,0.1205990097,0.1106523297
img_53528.jpg,0.0944632899,0.1566475367,0.0221370793,0.0136442128,0.0183369317,0.1052478405,0.0388546027,0.1454116278,0.1962304932,0.2090263853
img_70449.jpg,0.0945651238,0.2163040314,0.0110548552,0.0136342048,0.0122608292,0.0492479605,0.0200416868,0.2122049465,0.185309893,0.1853764687
img_93872.jpg,0.0651800918,0.0409474906,0.0194600225,0.0142071487,0.0364610644,0.2197097744,0.0048230602,0.2226905208,0.1651240723,0.2113967542
img_94652.jpg,0.0332138474,0.0906677103,0.1256891104,0.0083447023,0.0154608139,0.0878874276,0.1797529817,0.1689451116,0.195076041,0.0949622539
img_16176.jpg,0.1830416473,0.0320728966,0.0237100435,0.0298831472,0.0810049403,0.1083299747,0.0768730309,0.1157108015,0.1840074758,0.1653660423
img_33841.jpg,0.0473027613,0.2152795571,0.0661880905,0.0307007619,0.0414643201,0.0429465433,0.1134265447,0.1197099676,0.1635042222,0.1594772312
img_17613.jpg,0.074354366,0.1433125841,0.0437205947,0.0212918759,0.0228151438,0.1134414766,0.0086525636,0.1976033531,0.1864175721,0.1883904702
img_53777.jpg,0.0567298126,0.1750114968,0.1923744074,0.0296008814,0.0249680572,0.0464546055,0.0138933819,0.2148570636,0.181229884,0.0648804095
img_42777.jpg,0.103797281,0.1786626653,0.0168487334,0.0144260262,0.0171198402,0.1520053914,0.0228279468,0.1772526358,0.1485581493,0.1685013307
img_72897.jpg,0.0834453495,0.0611415737,0.039393727,0.0127607819,0.0188447332,0.0762722204,0.0894202361,0.1811159121,0.2177094432,0.2198960229
img_90006.jpg,0.0090107847,0.1613390524,0.1548504449,0.007271007,0.0133459419,0.0233757619,0.1414446166,0.1999832741,0.193079798,0.0962993185
img_20543.jpg,0.0494328165,0.1154073979,0.1429642386,0.0332490422,0.0492902243,0.055119468,0.034604886,0.1958620732,0.2175567437,0.1065131094
img_94359.jpg,0.1230151048,0.0561918621,0.0429701625,0.0137622403,0.0686177957,0.1079974256,0.1414230133,0.1280017237,0.1820285106,0.1359921615
img_63984.jpg,0.0323188184,0.1682421673,0.1056028709,0.0435680682,0.0408596556,0.0916079997,0.0295409785,0.2013816702,0.1532430146,0.1336347567
img_101029.jpg,0.1633360858,0.1510880622,0.0243557875,0.0263183288,0.0453425974,0.0642984868,0.0069436014,0.2111907828,0.1800494584,0.1270768089
img_2817.jpg,0.1404087009,0.1476431789,0.0186816926,0.039035364,0.035034537,0.0901264165,0.0175700158,0.1928755201,0.1429681167,0.1756564576
img_15157.jpg,0.1686493454,0.2009922328,0.037598614,0.0391529122,0.0132482179,0.0758784481,0.0113904333,0.1747264631,0.0788426806,0.1995206526
img_60850.jpg,0.1812285966,0.1410748969,0.011898629,0.0038396377,0.0036173955,0.0870006491,0.0108274655,0.1522761303,0.2062155855,0.2020210138
img_46484.jpg,0.053452865,0.0237857919,0.0998420082,0.0350024814,0.1339933171,0.2169897182,0.081282647,0.2190766272,0.0280217075,0.1085528365
img_87218.jpg,0.1742368952,0.0628156008,0.0223266603,0.0224044617,0.0253879765,0.118878212,0.0022801064,0.2030359598,0.2064068633,0.162227264
img_41327.jpg,0.1111647372,0.0906854624,0.170075945,0.0217834103,0.0518813382,0.0482630716,0.1372694207,0.1004428252,0.1831427966,0.0852909928
img_94533.jpg,0.0331699019,0.1713158189,0.0626322845,0.0074885595,0.0230935834,0.1102368527,0.2012228869,0.1289809993,0.1912631071,0.0705960057
img_78684.jpg,0.0405420952,0.2024761081,0.0743983394,0.0168715557,0.0243585596,0.1043977896,0.041625352,0.1392338429,0.1404685859,0.2156277716
img_101320.jpg,0.1787036699,0.0501819556,0.0874545261,0.0545201012,0.0565396941,0.1136317482,0.0543385939,0.1378568799,0.1209188483,0.1458539827
img_84564.jpg,0.1668163467,0.0232339437,0.0188815378,0.0355868419,0.0700424684,0.0805700993,0.0023558121,0.2097131145,0.2063501965,0.1864496392
img_32808.jpg,0.127327061,0.047134158,0.0795230441,0.0255130026,0.0350376712,0.1525096085,0.0117685975,0.2099381096,0.1179963232,0.1932524242
img_15823.jpg,0.0344455725,0.021796246,0.0809971755,0.0347992364,0.1567987127,0.2103111987,0.1019520139,0.2131887271,0.0359921191,0.1097189981
img_40017.jpg,0.1115596872,0.0360476373,0.0860222252,0.0242213447,0.0434915065,0.1349760879,0.0104076657,0.21191698,0.2117423736,0.1296144918
img_44260.jpg,0.0712332953,0.0543413814,0.1663205336,0.0451492583,0.0693492686,0.0970887569,0.0134699133,0.2322505143,0.1177271434,0.133069935
img_84168.jpg,0.1949547136,0.0631750918,0.0083559149,0.0053804275,0.0073575316,0.1637182609,0.0034798635,0.1600544954,0.191871279,0.2016524218
img_83364.jpg,0.0559828906,0.0486882153,0.0613031566,0.0162994139,0.0329745072,0.1793890487,0.0371015039,0.191259471,0.1852191806,0.1917826123
img_77091.jpg,0.1701885879,0.0502370348,0.0253789023,0.0133970407,0.0138331643,0.1347661244,0.0018964717,0.2035533113,0.1995727516,0.187176611
img_93036.jpg,0.0135358272,0.0892539027,0.2148043145,0.0119595805,0.0486109079,0.1093236417,0.0875701342,0.241170475,0.1076095951,0.076161621
img_81543.jpg,0.1335468745,0.1872502559,0.0169051477,0.0164311006,0.0108586996,0.077433499,0.0047016034,0.1900699346,0.168042317,0.1947605677
img_6347.jpg,0.0120233176,0.2026146373,0.2003598634,0.0077691964,0.0070858563,0.0241893468,0.0989416073,0.1953237182,0.1748986573,0.0767937994
img_83299.jpg,0.0697094281,0.1539403693,0.0651520417,0.010938559,0.019761938,0.0755759345,0.1834211239,0.1159398319,0.1631733142,0.1423874595
img_2499.jpg,0.1565592611,0.1663975675,0.0295713535,0.0335970562,0.070833958,0.0730685287,0.0366986855,0.2239418882,0.1128918636,0.0964398378
img_33199.jpg,0.0740637132,0.2037207895,0.0205950258,0.0321204016,0.021374083,0.0529158657,0.0531987047,0.182062367,0.1836531296,0.1762959199
img_80621.jpg,0.0392995356,0.022333631,0.0834920088,0.0286000571,0.1306826201,0.2244996677,0.0911762086,0.2255263202,0.0372674876,0.1171224635
img_394.jpg,0.100718405,0.1456724215,0.0295652269,0.0077643051,0.0171349419,0.0399465852,0.1649048281,0.1261823033,0.2023260024,0.1657849805
img_97064.jpg,0.1640005396,0.0488081209,0.0193764749,0.0202644094,0.0535141879,0.155893812,0.0049243465,0.2022032304,0.166579175,0.1644357034
img_22805.jpg,0.0173121636,0.1223635089,0.1300206967,0.0080554256,0.0119297219,0.0491465165,0.1696375343,0.1494510983,0.1761070343,0.1659763
img_70818.jpg,0.18662359,0.1333894922,0.0225618487,0.0324225878,0.0210073912,0.1107493034,0.0084610476,0.175926484,0.1245951441,0.1842631109
img_81720.jpg,0.0127064321,0.0517430916,0.0593978551,0.0223240318,0.032462061,0.1711493564,0.1003913719,0.1765656078,0.1842401953,0.1890199969
img_35791.jpg,0.1233302792,0.104284367,0.0422272141,0.0096585067,0.0379353729,0.1249380192,0.1050422938,0.1473691182,0.1634279879,0.1417868412
img_17239.jpg,0.0748449873,0.0320726584,0.0239260975,0.0145248419,0.0635139108,0.1487340922,0.0064740925,0.2174967988,0.2144297961,0.2039827246
img_4525.jpg,0.1555120832,0.1187146143,0.0758720759,0.0174187282,0.0143828683,0.0784521265,0.012166299,0.139532181,0.1967094218,0.1912396018
img_51891.jpg,0.1011037643,0.1042863195,0.0244840527,0.0624723239,0.1089100138,0.0577859586,0.0813643645,0.0998851038,0.2033637811,0.1563443178
img_69752.jpg,0.1003980757,0.1511834194,0.0589383181,0.0146458172,0.0146615572,0.1654974312,0.011507061,0.176861846,0.1264346899,0.1798717843
img_74065.jpg,0.141526844,0.1340102081,0.064995398,0.0031921401,0.0189964848,0.0407665631,0.2230615636,0.2188370864,0.1235040312,0.0311096807
img_77197.jpg,0.0856283591,0.0449033498,0.1068037414,0.0242779122,0.0354275453,0.1666107364,0.0196755301,0.1609855373,0.163959932,0.1917273563
img_6970.jpg,0.0905409374,0.1109721726,0.131333388,0.011813448,0.0413196685,0.0464280352,0.173823802,0.1441201375,0.1940576303,0.0555907805
img_28700.jpg,0.1411108869,0.0523952262,0.0339076071,0.0116575649,0.016420137,0.1340629244,0.0028854077,0.2042076648,0.2061944842,0.1971580968
img_6915.jpg,0.1942297705,0.0589583361,0.0698488991,0.0386948986,0.0506213543,0.1463698941,0.0199728694,0.2084189682,0.0542991632,0.1585858464
img_90312.jpg,0.124484041,0.1499321942,0.0203992501,0.010486254,0.0154257379,0.1626840677,0.0129149539,0.157204617,0.157652355,0.1888165291
img_88821.jpg,0.1974314614,0.0784207222,0.0203904871,0.0215285986,0.0488184459,0.0672108846,0.0798796166,0.0742941666,0.210648745,0.201376872
img_86447.jpg,0.2107781261,0.1931436272,0.0305081311,0.0164877542,0.0288832689,0.0609037083,0.1733981939,0.0900031048,0.098293857,0.0976002285
img_78821.jpg,0.0340428208,0.1563064016,0.0292788516,0.0166820651,0.018714942,0.1239609799,0.0279248251,0.1747987781,0.2077233813,0.2105669545
img_67369.jpg,0.1825232881,0.0947336284,0.072209767,0.0222596219,0.034344271,0.0806604171,0.00769424,0.2166506299,0.2030201623,0.0859039744
img_14167.jpg,0.0387510397,0.2093642534,0.0784004141,0.0160982116,0.0181121937,0.0305231903,0.114758926,0.2123085273,0.1939192622,0.0877639816
img_30031.jpg,0.0332133199,0.0528995107,0.0344123773,0.0121844599,0.0530275712,0.110069601,0.015503788,0.2629049616,0.2532085614,0.172575849
img_31901.jpg,0.0547628122,0.0567504716,0.0304817571,0.0067521591,0.0216286211,0.1929486041,0.0525137842,0.1521531457,0.2181174526,0.2138911923
img_54712.jpg,0.0216696661,0.1975983678,0.0806544733,0.011743946,0.013011995,0.0685922481,0.011430375,0.2096179758,0.1839169337,0.2017640192
img_4440.jpg,0.1565332798,0.0946162582,0.029670567,0.0612527518,0.093144952,0.0727148273,0.0137962727,0.2165229017,0.164218517,0.0975296725
img_88690.jpg,0.1114647055,0.0343341164,0.0899346196,0.041683308,0.0825835032,0.1307918664,0.0123795108,0.2454374784,0.1758354749,0.0755554168
img_88650.jpg,0.1905195475,0.0871898168,0.0234692622,0.0286429718,0.0219517378,0.1237631548,0.0047283406,0.1654200761,0.1853470225,0.1689680699
img_50198.jpg,0.0381996581,0.0769910819,0.1100781777,0.0166091475,0.051297253,0.0688854745,0.033511398,0.2596136571,0.2524440894,0.0923700627
img_48030.jpg,0.0515475764,0.0686902064,0.0559113859,0.0120731908,0.0379920509,0.1245682472,0.0536286217,0.1833067759,0.2105143472,0.2017675977
img_25851.jpg,0.0185344576,0.1619370128,0.1224556893,0.0078773011,0.0183529657,0.0370294076,0.1657038494,0.2055213671,0.1948709815,0.067716968
img_37307.jpg,0.0668551393,0.0823256885,0.122885392,0.0143551756,0.0385851329,0.188338779,0.0854554074,0.2119786227,0.0960332537,0.0931874088
img_12389.jpg,0.049644722,0.10432665,0.0544287581,0.0225426879,0.0216478505,0.1857426526,0.0357502645,0.181675417,0.1526773214,0.1915636759
img_1495.jpg,0.136930245,0.2237387214,0.0333479137,0.0475332588,0.018554919,0.0474218413,0.0265144438,0.171035692,0.0933335065,0.2015894584
img_80085.jpg,0.0274826734,0.0448163997,0.0280588024,0.0077751146,0.0392980501,0.1713294853,0.0056833872,0.2361547679,0.2279087599,0.2114925596
img_87286.jpg,0.1149937055,0.1257230357,0.1176331985,0.012837215,0.0217339995,0.1205473412,0.0049642852,0.1975684522,0.1308689133,0.153129854
img_77523.jpg,0.0751233958,0.2055158165,0.0920544078,0.1219730084,0.0118472421,0.0452527943,0.0133406689,0.0849758512,0.1530407246,0.1968760903
img_85057.jpg,0.081385096,0.0585244079,0.0978306302,0.0107206126,0.0246184354,0.1179017414,0.0431732198,0.1843306046,0.2020646148,0.1794506373
img_21076.jpg,0.0933656094,0.073611892,0.065624899,0.0508456873,0.0529144069,0.1171987389,0.0417852893,0.1961438174,0.1557266428,0.152783017
img_39796.jpg,0.0137436269,0.1760387681,0.1013300061,0.0090387513,0.0218058035,0.0586552954,0.1249801177,0.1783655206,0.1637871879,0.1522549225
img_65859.jpg,0.0981721126,0.0639130579,0.0104936122,0.0047742455,0.0150352357,0.1864272381,0.0188875454,0.2082837426,0.2108371004,0.1831761094
img_56373.jpg,0.0194911436,0.189153547,0.0687280139,0.0179178671,0.0349366184,0.0674563258,0.1334043787,0.1271410192,0.1647722108,0.1769988755
img_76277.jpg,0.1254004298,0.0970491148,0.0990209392,0.0335291579,0.0610027517,0.0690564873,0.0589579485,0.2157520339,0.1614659668,0.0787651702
img_58314.jpg,0.1238890071,0.1830265167,0.015129385,0.0142417785,0.0337931162,0.0822788245,0.0145004372,0.2135222425,0.1755228844,0.1440958079
img_40988.jpg,0.0866701613,0.1871023233,0.0961383545,0.0128158636,0.0113864148,0.1106204982,0.0394397164,0.1165644991,0.1389346136,0.2003275552
img_79372.jpg,0.1564706568,0.1804160375,0.0158534084,0.014564551,0.0142719481,0.1520446821,0.0197616747,0.1785241942,0.1100594625,0.1580333847
img_92741.jpg,0.1943534887,0.0547301075,0.0084294645,0.0068357113,0.0098255891,0.1660706474,0.0030602872,0.1627345684,0.1914672177,0.2024929182
img_57386.jpg,0.0767209555,0.0259018845,0.0963448321,0.0220123476,0.0312167131,0.1470039029,0.0196072541,0.1964712329,0.2127596665,0.1719612108
img_90147.jpg,0.0841275088,0.1420872762,0.0728404013,0.0080531864,0.0228829105,0.1239493883,0.1549660176,0.1449165247,0.1673370565,0.0788397297
img_69155.jpg,0.1830754042,0.0928803198,0.0077209632,0.0106665575,0.0179891022,0.1180456903,0.004142558,0.1748411159,0.1925724644,0.1980658245
img_60847.jpg,0.0518582449,0.0942461968,0.0183382758,0.0745055648,0.1759489849,0.0658438359,0.0475427848,0.0846244943,0.2147000917,0.1723915261
img_65892.jpg,0.0978711654,0.0296939865,0.0549952117,0.0150958403,0.0969944403,0.2424713135,0.0458825497,0.2460462968,0.0744949811,0.0964542147
img_82290.jpg,0.1408118692,0.0228838754,0.0459691134,0.0095169655,0.0176525694,0.2038733922,0.0234314037,0.1460741973,0.1930475652,0.1967390485
img_30520.jpg,0.0628871184,0.0358074069,0.0647747424,0.0058220669,0.0123727407,0.1412087453,0.0182796637,0.2060942813,0.2269150894,0.225838145
img_80019.jpg,0.1330393758,0.0559363429,0.1195013861,0.042092033,0.0117710984,0.154166649,0.0123402652,0.1214832991,0.1730195699,0.1766499807
img_44818.jpg,0.1840119825,0.105664239,0.0437560734,0.0134091662,0.0219665225,0.0899286721,0.0153316883,0.1902248725,0.1746924919,0.1610142916
img_88852.jpg,0.0331761601,0.2254489794,0.0900279879,0.0360795695,0.0469754802,0.046367624,0.1618403449,0.1180040674,0.106407653,0.1356721337
img_97282.jpg,0.1611394256,0.0877517924,0.143957618,0.0259828495,0.0358681767,0.1141053583,0.0326445001,0.1485049646,0.1633812726,0.0866640422
img_21984.jpg,0.1754683861,0.1022774664,0.0091180077,0.0080996205,0.0112776031,0.1464827857,0.0049585305,0.1663042338,0.1812800559,0.1947333104
img_69520.jpg,0.2142418354,0.0558570443,0.0316211464,0.0359611599,0.0679695365,0.1116309248,0.0676703344,0.118221272,0.1372147443,0.159612002
img_84162.jpg,0.0293910902,0.094730226,0.0341046853,0.0168262562,0.0554588006,0.1421838249,0.0144304222,0.2319676432,0.1766830671,0.2042239843
img_16623.jpg,0.1741796461,0.0511192189,0.005704853,0.0069428009,0.0128160475,0.1076934182,0.0027016893,0.213029675,0.215818985,0.209993666
img_33152.jpg,0.0723142046,0.0285993066,0.0224847363,0.0105411016,0.0358126268,0.1904376901,0.0026654102,0.2191247318,0.2112104077,0.2068097842
img_7760.jpg,0.1094633917,0.0620848797,0.0337571078,0.0137557585,0.0297824248,0.1984827666,0.1325304565,0.1218494381,0.1037918904,0.1945018861
img_19385.jpg,0.1232972651,0.0545311203,0.0309563765,0.0232835883,0.02524593,0.0645563,0.0344047404,0.1658651248,0.2380975839,0.2397619708
img_99441.jpg,0.1571268625,0.0885289203,0.0081962636,0.0065129501,0.0073580808,0.1455773201,0.0117308633,0.1762736825,0.2082070257,0.190488031
img_31404.jpg,0.1093232851,0.1392332198,0.043886088,0.0237523503,0.0181420055,0.1357627913,0.0138402622,0.1664752307,0.1640066538,0.1855781133
img_5460.jpg,0.0613549233,0.0543925478,0.0503177767,0.0106137076,0.0197144809,0.1875592838,0.0357543414,0.1827471677,0.1976846546,0.1998611162
img_92537.jpg,0.147676407,0.0283540152,0.009353727,0.0133284696,0.0704538446,0.126064631,0.0101939678,0.2099081588,0.1972983341,0.1873684449
img_32209.jpg,0.0163679752,0.1893405327,0.1764769745,0.0056353123,0.0065389868,0.0254715152,0.0541514878,0.2018631169,0.1939227403,0.1302313582
img_67163.jpg,0.0248087443,0.0999147866,0.1953835419,0.0238994731,0.0703780665,0.0685349975,0.0541216982,0.2458255545,0.1213096221,0.0958235154
img_10741.jpg,0.1405746033,0.0376764707,0.1165775632,0.0246408163,0.0401267465,0.1234963899,0.0138426959,0.1942974719,0.203236227,0.1055310153
img_46664.jpg,0.1819774851,0.0841039113,0.0058146249,0.0037995076,0.0043460629,0.1542069345,0.0061507486,0.1632786225,0.1989785549,0.1973435477
img_63638.jpg,0.0397637425,0.058485485,0.1161510891,0.0136661561,0.038145029,0.0883228697,0.0149702386,0.2409466059,0.22907035,0.1604784342
img_43730.jpg,0.0161765065,0.1581980082,0.1182007253,0.0098186427,0.0232186371,0.0481362948,0.2062881599,0.151763832,0.1927008329,0.0754983606
img_20723.jpg,0.066096051,0.1861043434,0.0557504633,0.0083075175,0.0185475489,0.0360849008,0.1972343695,0.1515249118,0.2031642503,0.0771856435
img_60705.jpg,0.0683944537,0.137669328,0.0864316012,0.0123711239,0.0350053623,0.0957914175,0.13230945,0.1790687783,0.1141521537,0.1388063314
img_51828.jpg,0.0985177942,0.0994571809,0.1154014116,0.0940648093,0.0643369754,0.0631182385,0.0658220454,0.0811678938,0.1755498437,0.1425638072
